0 9547571
0 9551601
0 9556971
0 9557419
0 9558315
0 9560330
0 9565927
0 9566374
0 9568162
0 9576997
0 9580131
0 9581027
0 9596472
0 9598039
0 9598934
0 9602065
0 9602961
0 9603855
0 9608104
0 9610118
0 9612358
0 9612582
0 9615121
0 9617516
0 9628429
0 9628876
0 9632900
0 9636928
0 9637374
0 9644811
0 9647140
0 9647364
0 9648036
0 9648260
0 9649603
0 9651169
0 10558643
0 10563846
0 10613953
0 10615519
0 10621265
0 10622160
0 10629099
0 10634920
0 10637829
0 10646330
0 10649460
0 10651697
0 10656172
0 10657513
0 10657960
0 10659974
0 10674859
0 10675755
0 10692087
0 10699697
0 10700591
0 10702654
0 10702878
0 10703102
0 10708693
0 10724931
0 10726275
0 10727171
0 10746952
0 10747176
0 10750307
0 10752097
0 10755676
0 10759479
0 10759926
0 10760595
0 12572144
0 12576756
0 12585428
0 12589169
0 12605454
0 12632740
0 12647930
0 12742973
0 12747154
0 12760724
0 12782641
0 12785271
0 12790646
0 12808009
0 12820092
0 12821435
0 12858461
0 12861318
0 12878198
0 12888155
0 12896349
0 12898345
0 12900651
0 12916289
0 13566131
0 13742593
0 13752973
0 13818611
0 13863391
0 13929014
0 13941135
0 13948535
0 13960612
0 13973824
0 13978648
0 13984179
0 16334509
0 16338810
0 16344892
0 16351147
0 16352936
0 16349263
0 16350251
0 16365010
0 16350923
0 16355127
0 16367592
0 16369384
0 16356023
0 16358566
0 16363689
0 16360333
0 16365682
0 16363241
0 16367144
0 16366920
0 16368488
0 16368712
0 16370055
0 16373954
0 16374178
0 16374402
0 16374626
0 16376192
0 16376640
0 16377087
0 16377311
0 16377982
0 16378206
0 16380270
0 16381131
0 16381779
0 19938016
0 19936490
0 19937051
0 19940390
0 19940996
0 19942629
0 19942147
0 19944883
0 19946709
0 19947829
0 19948277
0 19949398
0 19950069
0 19952379
0 19953051
0 19952827
0 19953275
0 19955146
0 19956714
0 19958110
0 19958334
0 19958829
0 19967799
0 19966197
0 19974587
0 19973370
0 19977083
0 19977722
0 19977946
0 19979100
0 19981645
0 19981869
0 19982093
0 19983967
0 19984862
0 19989695
0 22554220
0 22554926
0 22556833
0 22559481
0 22559705
0 22560670
0 22566257
0 22566481
0 22572500
0 22572948
0 22575497
0 22578165
0 22577941
0 22581079
0 22584697
0 22590308
0 22591989
0 22594896
0 22598022
0 22601271
0 22602651
0 22607953
0 22610072
0 22612263
0 22613194
0 22616051
0 22616498
0 22617585
0 22620641
0 22622276
0 22623366
0 22625190
0 22625671
0 22627209
0 22628595
0 22629076
0 22550643
0 22555375
0 22558810
0 22563746
0 22568519
0 22572019
0 22572724
0 22573431
0 22573654
0 22574825
0 22575049
0 22575273
0 22577717
0 22581528
0 22582009
0 22582232
0 22582456
0 22585560
0 22585784
0 22586008
0 22586614
0 22597283
0 22599501
0 22603460
0 22604717
0 22616275
0 22619602
0 22620864
0 22621088
0 22623142
0 22625895
0 22626503
0 22626727
0 22631149
0 22631789
0 22632271
0 26421296
0 26436353
0 26446619
0 26453852
0 26464749
0 26465679
0 26471527
0 26471944
0 26475785
0 26496955
0 26501482
0 26523460
0 26545882
0 26601228
0 26627013
0 26646262
0 26650333
0 26676977
0 26698526
0 26699915
0 26714486
0 26720131
0 26722402
0 26723967
0 26737331
0 26745987
0 26773437
0 26786112
0 26801408
0 26825569
0 26826464
0 26827393
0 26831714
0 26843744
0 26889197
0 26977485
0 28271015
0 28271622
0 28272070
0 28273223
0 28273447
0 28278044
0 28278425
0 28280876
0 28281099
0 28281928
0 28283331
0 28283555
0 28283779
0 28284003
0 28284834
0 28285282
0 28285506
0 28286847
0 28287742
0 28288189
0 28288638
0 28289467
0 28290778
0 28292851
0 28293523
0 28294513
0 28298129
0 28299630
0 28301991
0 28304358
0 28304581
0 28306631
0 28307303
0 28307527
0 28980751
0 29069018
0 33665439
0 33680873
0 33682027
0 33689760
0 33690466
0 33691396
0 33706057
0 33706952
0 33719007
0 33727149
0 33732740
0 33734870
0 33738608
0 33742541
0 33743989
0 33786659
0 33788666
0 33791592
0 33791368
0 33796010
0 33803815
0 33806533
0 33810861
0 33815369
0 33822723
0 33837956
0 33843038
0 33854610
0 33856764
0 33860627
0 33883166
0 33889988
0 33898631
0 33903713
0 33908607
0 33909055
0 37445117
0 37445598
0 37446239
0 37446462
0 37446686
0 37448587
0 37450602
0 37451084
0 37451527
0 37451975
0 37454887
0 37455110
0 37455334
0 37456931
0 37457411
0 37458081
0 37458719
0 37459423
0 37459962
0 37460185
0 37462135
0 37462358
0 37464250
0 37464731
0 37465401
0 37475280
0 37478171
0 37478394
0 37486312
0 37493277
0 37496059
0 37498076
0 37500665
0 37506626
0 37506851
0 37507558
0 40233159
0 40191097
0 40235522
0 40193116
0 40238169
0 40203537
0 40207197
0 40210070
0 40217425
0 40217648
0 40220863
0 40221087
0 40258511
0 40222946
0 40263329
0 40228321
0 40229406
0 40236860
0 40232138
0 40234368
0 40234592
0 40235298
0 40236414
0 40237946
0 40239538
0 40244932
0 40245412
0 40246052
0 40249931
0 40266478
0 40268968
0 40259374
0 40261112
0 40283317
0 40263775
0 40265996
0 55754009
0 55762248
0 55764154
0 55768276
0 55772972
0 55846546
0 55884928
0 55899991
0 56037165
0 56080776
0 56085971
0 56106148
0 56146162
0 56185259
0 56217900
0 56249547
0 56392420
0 56393631
0 56398635
0 56409953
0 56413517
0 56438211
0 56442565
0 56491026
0 56676678
0 56683803
0 56691521
0 56817463
0 56882536
0 56955112
0 56957533
0 57023746
0 57031397
0 57041176
0 57056024
0 57085797
0 61139038
0 61139901
0 61143900
0 61165101
0 61183553
0 61211039
0 61213700
0 61221125
0 61225681
0 61230411
0 61242310
0 61245980
0 61246957
0 61250923
0 61251146
0 61290139
0 61302194
0 61300232
0 61302417
0 61317070
0 61323578
0 61320904
0 61340159
0 61347376
0 61356723
0 61359600
0 61362653
0 61378915
0 61765309
0 62195143
0 62430980
0 62622379
0 63728896
0 63962147
0 64425810
0 65442044
0 79447608
0 79466349
0 79475804
0 79491857
0 79538045
0 79549774
0 79550411
0 79553069
0 79559938
0 79585777
0 79607449
0 79629402
0 79664770
0 79711392
0 79714086
0 79757703
0 79778716
0 79813726
0 79813949
0 79842121
0 79879377
0 79890187
0 79911066
0 79952680
0 79955767
0 79959937
0 79963000
0 79980534
0 79983195
0 80081798
0 80102424
0 80104965
0 80108061
0 80164626
0 80167631
0 80197080
0 92829478
0 92833343
0 92903877
0 92956249
0 92959366
0 92959589
0 92966785
0 93004406
0 93005403
0 93023637
0 93042960
0 93047110
0 93115344
0 93116271
0 93118708
0 93135763
0 93139187
0 93154759
0 93155465
0 93183657
0 93225618
0 93232058
0 93233901
0 93243119
0 93256705
0 93304456
0 93318543
0 93334178
0 93340301
0 93340528
0 93359423
0 93407617
0 93424680
0 93425130
0 93439911
0 93453497
1 19185157
1 19213433
1 19220601
1 19810402
1 19407607
1 20022954
1 20155535
1 20106327
1 20165746
1 19698868
1 20045718
1 19525188
1 19752822
1 19528476
1 19705568
1 19870855
1 19769896
1 19836044
1 19987784
1 19474043
1 20152118
1 20467070
1 20536628
1 20710039
1 19713912
1 20098001
1 20304903
1 20351565
1 20337182
1 20340359
1 20576693
1 20586630
1 20621117
1 20677882
1 20721185
1 20775143
1 48803721
1 49071516
1 49132986
1 49198433
1 49342353
1 49468070
1 49693857
1 50250637
1 50285397
1 50731835
1 50798883
1 51195152
1 51264826
1 51378849
1 51546700
1 51833646
1 51950044
1 51991884
1 52501135
1 52916005
1 52966882
1 53030440
1 53101439
1 53270417
1 53373594
1 53481758
1 53586398
1 53625147
1 53664670
1 53838427
1 53916792
1 54117208
1 54177778
1 54199011
1 54356645
1 54613057
1 81091648
1 81162888
1 81332625
1 81362590
1 81420304
1 81464602
1 81494669
1 81632199
1 81677887
1 81754604
1 81777147
1 81975787
1 82221512
1 82353176
1 82402725
1 82545900
1 82626232
1 82811422
1 82956977
1 82977700
1 83064535
1 83082859
1 83089567
1 83135609
1 83139447
1 83191633
1 83209964
1 83473717
1 83504044
1 83602897
1 83877095
1 84057943
1 84147439
1 84167514
1 84262246
1 84378931
2 41716210
2 38887150
2 33085852
2 37310473
2 39716498
2 38175878
2 33179375
2 44239169
2 59925698
2 46296903
2 33268733
2 33628692
2 40674432
2 60311394
2 48512432
2 33347371
2 60372335
2 33364863
2 41327325
2 50701833
2 42119269
2 33754503
2 46420995
2 60831012
2 33808685
2 35528256
2 33736765
2 34200409
2 34343038
2 35115454
2 34081370
2 35153904
2 34128475
2 36639840
2 36306180
2 35786894
18 5674161
18 3260976
18 3597784
18 5622609
18 11318275
18 11616709
18 19755157
18 21059679
18 23887496
18 33676095
18 46335389
18 48025114
18 46762896
18 103407734
18 104217405
18 41219089
18 50128856
18 49178700
18 55470981
18 63310386
18 56431694
18 58065438
18 61270042
18 64800957
18 78303545
18 74606633
18 79647388
18 91741685
18 92341763
18 87044945
18 95488050
18 100356141
18 98760067
18 112911551
18 109708681
18 111625948
45 38062000
44 84839903
44 94418994
44 102185232
45 14413086
44 90376465
44 93150951
44 111047580
44 98458937
44 100855429
44 100859027
44 102692472
44 101260172
44 103713270
44 110251244
44 118802793
44 110327451
44 103794375
44 104790883
44 105207650
44 106739141
44 120089202
45 47669355
44 108105364
44 115728010
44 109921623
44 117867887
44 120778561
44 124369865
45 52646534
45 8485835
45 8569210
45 5598035
45 5348927
45 10801000
45 19088972
54 57640766
54 44726978
54 57711813
54 38629918
54 40970274
54 58581413
54 67063161
54 62416519
54 67724918
54 65526691
54 66009274
54 66814824
54 67592611
54 68553148
54 75592484
54 71538284
54 72187163
54 76415758
54 76444679
54 81907480
54 83173864
54 83225332
54 87190104
54 87749318
54 93286029
54 99005765
54 100121126
55 114011052
54 101735082
54 103453271
55 130468576
54 103915589
54 104023552
54 107287186
55 22309488
54 111129709
65 113929362
65 123891087
65 116408849
65 118261371
65 118747531
65 133829059
65 121473070
65 121739212
65 123111352
65 131997726
66 63360533
65 129787439
66 5428030
66 16809751
66 13039221
66 64181604
66 6142377
66 10350085
66 15025398
66 16992365
66 67041147
66 16848727
66 31053292
66 37670261
66 25282749
66 38381558
66 43491451
66 48048662
66 32429958
66 44661044
66 40509322
66 41774730
66 48764288
66 44407711
66 53229785
66 54938509
72 89459987
72 90062404
72 90436553
73 2332377
72 121298447
72 121915230
72 122083602
72 106543627
72 101754291
72 104655034
72 129564822
72 104985815
72 121615615
72 109734770
72 124791018
72 131822912
73 2536078
72 132380264
72 119690986
73 706616
72 126934118
72 127262223
73 6325627
73 26347053
73 9781208
73 6247666
73 11430370
73 5177532
73 4383087
73 29606531
73 22234108
73 15667880
73 17806051
73 16714064
73 37183114
73 23527564
77 22669731
77 73133330
77 59040827
77 52058216
77 52575015
77 46336067
77 65009307
77 69150261
77 82623847
77 122546756
77 123180077
78 123631001
78 9730127
78 29993934
78 19862858
78 31589174
78 35873507
78 49444800
78 68340983
78 68469104
78 66333616
78 122158258
78 70020368
78 77965949
78 83977878
78 84162497
78 81443112
78 92052822
78 118390794
78 130421543
78 116756729
78 125447846
79 17147605
79 869943
79 18529112
79 22128353
83 3201127
82 127248792
82 133749662
82 130844837
82 127546821
82 131490775
83 5551928
83 4419238
83 1359967
83 5876510
83 7292501
83 3174657
83 3653803
83 9917665
83 7839862
83 9056179
83 9433864
83 9698726
83 9730202
83 10170512
83 10633934
83 11016129
83 11636381
83 13694037
83 13750943
83 14414975
83 14477855
83 15501769
83 15561897
83 16505530
83 16550800
83 16630570
83 16700982
83 16811053
83 17614103
83 17856141
86 93761591
86 98862050
86 102410890
86 102685647
86 102847781
86 104048228
86 104084753
86 107627876
86 107751541
86 108854776
86 127429899
86 128563621
86 109697710
86 109961881
86 109934505
86 110356077
86 112351745
86 112665065
86 132831681
86 123028087
86 127485056
86 129643922
86 118722617
86 128730303
86 129683527
87 141918
86 114994666
86 118763162
86 121775360
86 124201561
86 126375965
86 127613948
87 6223547
87 23937811
87 79079516
87 130150995
92 92280969
92 73231003
92 67850383
92 81338645
92 68448682
92 92007428
92 93993167
92 95067930
92 98651575
92 104797643
92 114787694
92 117053935
92 121766888
92 123572435
93 110625579
92 131729260
92 132626589
92 132724042
92 133195097
93 1516495
93 91473394
93 101447942
93 14121045
93 14505719
93 15330325
93 17725218
93 19534960
93 78427234
93 30671172
93 33161459
93 32439691
93 31145363
93 34905865
94 43616206
93 38379658
93 37045196
102 7157347
102 7109383
102 33466885
102 14160525
103 43503958
102 15674723
102 17792021
103 9227991
102 18473981
102 19277264
103 10774176
102 20089807
103 58958443
102 20540553
102 21168374
102 21680609
102 22178688
102 22851443
102 22993690
102 24894284
102 23059199
102 25108758
102 25793465
102 31693095
102 96052503
102 27956986
102 128162777
102 34384649
102 42967371
102 35992046
102 46820464
102 48806799
102 52014553
102 57298893
102 57441961
102 57660933
109 133408036
109 79465440
109 81439692
109 80439119
109 84458864
109 80678667
109 94389352
109 83980118
109 84228715
109 85778308
109 85280441
109 87870708
109 86398918
109 98009406
109 98372425
109 102419181
109 109086248
109 96238611
109 102781203
109 109880361
109 107073678
109 95418548
109 111249202
109 112066057
109 102500343
109 109040460
109 98058585
109 104665525
109 113577383
109 114609185
109 110851994
109 117993273
109 120891278
109 107566824
110 9978640
109 119584445
123 124420338
122 96294288
123 13274320
122 101188053
122 106871805
122 111342762
122 105775018
122 130222441
122 111841796
122 109764063
122 123335687
123 37569346
122 130817729
123 24991360
122 115233239
122 117120402
122 115997675
122 131341060
123 41094795
124 7200569
124 29070229
125 3595511
125 107042165
125 79321673
125 75310556
125 92045702
125 133279751
125 86394273
125 86969208
125 113393392
126 64188550
125 97296231
125 120145619
125 115919881
126 6554259
125 127324815
138 77146915
138 88323775
138 109803511
139 94394646
138 92937576
138 91510042
138 96323931
138 95358446
138 95487264
138 97219420
138 95774560
138 96020163
138 98194669
138 98328722
138 100476681
138 97373752
138 99575000
138 106679716
138 104019179
138 103534851
138 104743372
138 106137779
138 112158935
138 118437976
138 113972803
138 121338422
139 109341193
138 133854522
139 6452302
139 30158950
139 26157477
139 27583040
139 21735859
139 29722163
139 44754561
139 31443085
153 121754337
153 126295930
153 110756213
154 3162888
153 120471189
154 20171501
154 24317485
154 32790863
154 27947819
154 131841807
154 54736765
154 37719986
154 58501307
154 46729028
154 70120630
154 103584004
154 98484245
154 97433034
154 131234567
155 31220699
155 32303321
155 41145758
155 39218895
155 80546329
155 90308345
155 90941425
155 94595283
156 1403386
155 109981862
155 113940159
155 118183161
156 33165335
156 6733789
156 15015739
156 25441710
156 44858525
177 126182752
177 126208630
177 109251026
177 111946151
178 1418029
177 129109810
178 2208013
177 118295305
177 116908037
177 125576234
177 133496799
178 5767635
178 14819264
178 17471681
178 6499195
178 12116208
178 23485573
178 28349513
179 4442276
178 19468189
178 21067363
178 31602079
178 41227044
178 48307595
178 27018694
178 38207757
178 30671306
178 39836959
178 30715412
178 28839195
178 38436371
178 43290770
178 51259282
178 57005741
178 55221761
178 58714509
377 13920314
377 30978538
377 29903412
377 34942301
377 32731933
377 48634927
377 50317850
377 58380834
377 86611347
377 103427733
377 107638745
377 121708590
377 122131166
378 12434392
378 34948464
378 36721313
378 39578991
378 38746658
378 44417852
378 61205807
378 64681320
378 67087770
378 80262959
378 84597075
378 87985118
378 92616991
378 106857406
378 104960556
378 110822932
378 121583140
379 13421586
379 21003005
379 48116622
379 50745496
379 51236423
379 52236279
435 120001559
435 112582539
435 127847435
435 102111388
435 117635552
435 124742467
436 20327096
436 33957723
436 65410773
436 69967039
436 74178951
436 76932749
436 82942392
436 94064734
436 101690165
436 103109511
436 108663339
436 109597954
436 110591249
436 122371933
436 123371852
436 125626138
436 131212910
436 133144657
437 987845
437 11220939
437 12077245
437 17424154
437 17834964
437 22600563
437 25270872
437 27262996
437 30617291
437 32519732
437 33671716
437 34605725
679 123160199
679 117168620
680 16031892
680 36847575
680 54138601
680 69631110
680 85641191
680 87723143
680 98575951
680 94917932
680 105883271
680 118846948
681 9152775
681 22473981
681 38385771
681 46564640
681 43289573
681 53252954
681 54170383
681 63484767
681 59979888
681 73978423
681 88383073
681 83426412
681 85424485
681 103354968
681 109345236
682 9985063
682 12979396
682 17722989
682 44678359
682 56524534
682 50670495
682 54526514
682 57623519
682 80591818
859 23952392
859 40930519
859 63895667
859 76880641
859 86866224
859 102840794
859 105836215
859 130803299
860 3745298
860 16477140
860 12728884
860 18473556
860 38628490
860 34636012
860 44556272
860 101208138
860 116179360
860 126163730
861 3994347
861 7987885
861 43869322
861 87282038
861 84287501
861 88280206
861 120229558
861 117234154
862 4992566
862 2996300
862 22967403
862 37369531
862 56283586
862 69265465
862 99144136
862 104136730
862 129094852
863 15897341
1000 94375290
1000 97522981
1000 103015842
1000 108973585
1000 114406587
1000 121348685
1000 119479005
1000 131517595
1000 131580562
1000 129590726
1001 2063616
1001 5961191
1001 3710639
1001 20629421
1001 1064291
1001 15961651
1001 14288693
1001 15036648
1001 23255080
1001 21644739
1001 29331186
1001 36809343
1001 37822825
1001 31626220
1001 34392635
1001 45908310
1001 42488734
1001 48294121
1001 49750519
1001 52747128
1001 53749871
1001 74553122
1001 73238798
1001 85622904
1001 80527987
1001 88930993
1135 57680045
1135 70502107
1135 83168060
1135 104279181
1135 99048323
1135 109503332
1135 127721425
1143 23309034
1143 25362729
1136 21268032
1136 32864250
1136 116078567
1136 86597755
1136 53944082
1136 126585484
1136 66725302
1140 63265731
1137 69707654
1138 3130395
1137 92835706
1138 42908813
1136 65627412
1136 72029034
1138 119171723
1139 1032959
1139 84808973
1136 118201841
1136 80333862
1142 127076924
1139 118741648
1138 91578862
1137 47793412
1136 132910631
1136 85553035
1136 87740451
1138 37706244
1270 108639411
1270 125782472
1271 3577143
1271 41667016
1271 43119330
1271 62681809
1271 88276934
1271 109737456
1271 100186054
1272 46976173
1272 55528335
1272 58259231
1272 65472567
1272 94538932
1272 91576825
1272 122486236
1273 27305442
1273 64437651
1273 89521307
1273 100680607
1274 25003602
1274 43562867
1275 7022235
1275 15532479
1275 64494057
1275 83835057
1275 99996064
1275 102133694
1276 70270028
1276 113901230
1277 132677150
1278 30136162
1278 28517236
1278 36801435
1278 40400991
1278 45130777
1711 115838790
1711 117983971
1711 128452935
1711 124052770
1712 16117759
1712 37814417
1712 31404203
1712 55991915
1712 49918812
1712 83065454
1712 91680506
1712 86035775
1712 94693081
1712 95906201
1712 90538181
1712 99634905
1712 117417103
1712 130848026
1713 11131223
1713 42239633
1713 54610646
1713 60760038
1713 69432274
1713 61846739
1713 80002856
1713 81319601
1713 95212355
1713 96319831
1713 107479159
1713 116484319
1714 5415820
1714 7558433
1714 2363014
1714 9554977
1714 2977556
1714 20148739
2317 64487445
2315 86826814
2315 105627641
2315 117121195
2316 31939718
2316 87835241
2316 110996397
2316 63742561
2316 128541830
2317 24458949
2317 9077035
2317 51883115
2317 58499027
2317 71784501
2317 81125942
2318 13285512
2317 118509443
2317 61405915
2317 73041458
2317 122700176
2318 76879898
2318 42200054
2318 66745253
2318 78311496
2319 16694074
2319 24597471
2319 54607509
2319 52172366
2319 114853543
2320 4030095
2320 130234457
2320 22795614
2320 47972676
2321 0
2321 65371007
2321 44092512
2615 11540858
2615 16539441
2615 20793661
2615 21837080
2615 23030882
2615 25715784
2615 29922553
2615 46876457
2615 82709247
2615 125799635
2615 33634974
2615 31200830
2615 37561025
2615 34928418
2615 40168586
2615 53360420
2615 48236033
2615 49498146
2615 54721974
2615 59949384
2615 68614109
2615 56017793
2615 76730527
2615 84172066
2615 97149849
2615 80952830
2615 85835942
2615 116618543
2615 91685802
2615 120359730
2615 95840244
2615 121702286
2615 111390122
2615 117987724
2615 119128604
2615 127211846
2614 8106243
2614 20737460
2615 108683860
2614 17862142
2614 22027839
2614 27304384
2614 30271508
2614 39851997
2614 42599013
2614 44028975
2614 54610210
2614 60749821
2614 67631625
2614 71842019
2614 81950110
2614 80358380
2614 100434456
2614 101832558
2614 91071147
2615 115311845
2614 104091716
2614 122098994
2614 123397331
2615 6229031
2615 3728202
2615 4956924
2615 8842180
2615 15464908
2615 36271666
2615 45585804
2615 50663545
2615 38835323
2615 52084842
2615 61123668
2615 69971933
2615 63811698
2615 66236985
2615 87116760
2615 90420413
2615 72699929
2615 74086755
2615 75405237
2615 78166215
2615 88397392
2615 98573471
2615 101547439
2615 131354703
2615 114004449
2613 70042014
2613 75006858
2613 46347385
2613 81249362
2613 85765207
2614 93817977
2613 119127848
2613 31168584
2613 55123624
2613 62965936
2613 111494650
2613 68823163
2613 126306808
2613 92626411
2615 100042871
2613 131897528
2613 127875897
2614 0
2614 5234571
2614 15576419
2614 25910951
2614 59157891
2614 85364181
2614 97918216
2614 117957775
2614 119262742
2615 12761018
2615 19555062
2615 132907240
2615 41593656
2615 42954932
2615 71325320
2615 110069327
2615 94621922
2615 103291149
2615 123072130
2610 41923644
2610 60779418
2610 78556224
2610 61967703
2610 88360162
2610 108279659
2610 126137324
2610 125636913
2610 59540090
2611 66167307
2611 16310768
2611 9736993
2611 78621874
2611 70889170
2611 112252459
2611 114869123
2611 76556379
2612 18757833
2611 53090252
2612 54583619
2612 62459601
2612 80055928
2612 106980484
2612 117615474
2613 4714835
2613 25045981
2613 107534159
2613 104190769
2613 26526873
2613 52777872
2613 92264250
2613 92041301
2613 113970478
2615 105957271
2613 128566010
2614 9421426
2614 16946535
2614 35838909
2614 41182809
2614 56418706
2614 102934198
2614 99058368
2614 116709807
2614 132074586
2615 107360401
2615 58802784
2615 93185093
2615 104505455
2606 60993576
2606 50462602
2605 80095887
2605 102872881
2606 112472873
2606 117362500
2607 51466164
2609 90701620
2608 98712636
2609 43747717
2608 70021790
2608 109943225
2610 20679797
2609 39839470
2609 89192505
2609 106361039
2610 1913915
2610 11577490
2610 22576785
2610 63994744
2610 71727425
2610 81962967
2610 88804036
2610 96163724
2612 32628011
2611 121401452
2612 23528409
2612 132295602
2613 5446758
2613 110199433
2614 53294271
2614 107989419
2614 130816085
2615 14095328
2615 62461114
2615 112627907
2598 95919261
2598 104649533
2599 65406962
2600 45350627
2599 78633350
2601 34472464
2601 25406096
2602 70121233
2603 13734353
2603 38362518
2604 69348579
2604 92542203
2605 45622625
2606 38756071
2607 32906360
2608 12083699
2607 115095889
2608 24331905
2609 39630105
2608 82643140
2610 10986704
2610 73475508
2610 98010648
2611 12500504
2611 4250209
2611 5788481
2612 81178456
2613 23681636
2613 32562665
2613 11054153
2612 122382436
2613 58047788
2614 105338557
2615 24445496
2615 27063979
2615 28496149
2572 87306393
2573 52483621
2573 53648144
2575 49294576
2576 60630436
2579 65581684
2581 8262708
2580 123495567
2584 35942116
2584 61997928
2587 84795484
2587 130391405
2588 54919541
2589 77849458
2590 94035686
2591 94227104
2596 55750367
2598 59418943
2599 36260501
2598 116773684
2600 81844363
2601 132305110
2602 19117554
2602 130717253
2604 64166602
2606 122770442
2606 124257867
2610 17383160
2610 69037183
2610 128974723
2612 52748086
2612 82650840
2612 132115593
2613 19626527
2615 1263888
2615 124428409
2520 20281949
2521 56803323
2526 62794996
2526 119559060
2525 113061969
2531 116831031
2534 44014359
2536 109176968
2536 130603555
2538 120775781
2544 56615405
2545 44917631
2547 89218191
2544 108423330
2546 91525376
2549 3478882
2553 37184081
2549 123898168
2551 35529765
2551 101401921
2553 50895819
2551 100032004
2552 92329444
2555 108401358
2556 69457565
2558 54583567
2558 121637252
2559 47347120
2560 88508173
2561 104117502
2567 33029633
2568 66537537
2573 56136676
2573 112506105
2575 77252500
2576 21106752
2576 127103061
2577 98321531
2581 93825124
2583 51735566
2586 65673283
2587 2548172
2588 75527706
2592 10763428
2595 61848805
2600 27830115
2599 68128864
2600 68409744
2601 48752823
2608 115176223
2608 113757433
2612 102900881
2614 96546390
2439 105948751
2444 123189971
2461 40682608
2461 103194683
2466 0
2467 75781592
2469 51092712
2476 26822725
2476 4999669
2478 14397214
2489 34026050
2498 81641445
2505 19825945
2509 110373719
2511 35619364
2514 53139117
2515 41920364
2516 35710417
2516 0
2522 76323513
2523 128247910
2536 31723662
2543 11265587
2553 101588759
2548 0
2562 15812735
2569 1657715
2571 24005844
2578 80416514
2588 8163563
2602 125301432
2606 113785725
2611 1094689
2610 113199547
2613 124648271
2614 77402351
2346 59029505
2350 121788371
2357 34574557
2360 116899937
2369 26869756
2374 113000414
2384 25279043
2391 130410699
2398 29515400
2417 128563747
2423 32893470
2424 73748212
2436 14469747
2441 69053105
2448 11370750
2462 35221476
2481 118391821
2520 21641323
2517 61294181
2518 120612377
2519 62030399
2553 104139744
2550 34983037
2549 21250074
2552 85973824
2557 132122413
2561 55075165
2573 65996904
2566 131009996
2574 130445513
2580 104119635
2586 67007894
2591 23911065
2591 41507595
2610 118302921
2614 74536240
1020 102369934
1038 68569439
1125 103182657
1202 90147822
1206 20703979
1229 99986904
1250 129533995
1256 120107803
1270 5361315
1287 33956424
1291 58318976
1334 47328499
1344 106198412
1373 14405442
1380 132025120
1385 75341374
1387 76794824
1394 100687871
1431 28459143
1482 53872901
1487 49966128
1488 14351170
1508 29496486
1513 127227312
1573 125993547
1676 68916470
1720 99041793
1746 77520966
1761 18645455
1809 125966245
1827 54413846
1832 61028598
1834 31959893
1894 72154534
1935 127671499
1937 118556459
1964 23267697
1969 69250234
1975 116100233
1990 24964208
2012 46983098
2157 0
2164 42180966
2253 93855468
2287 102505912
2300 53403680
2315 118425718
2319 103868997
2320 14379452
2332 48346603
2339 131833145
2350 61335273
2350 70884594
2345 87844335
2355 2499433
2365 16019411
2389 72834200
2394 25499289
2394 33087993
2419 59261658
2424 117556358
2428 97978823
2434 63267059
2455 101508299
2468 62510706
2470 73555227
2486 60522143
2489 77913460
2499 6962128
2529 32969640
2535 62929700
2540 126629354
2559 94816911
2596 54682290
2602 68775266
2615 112627907
2615 114004449
2615 117987724
2615 119128604
2615 123072130
2615 127211846